<!DOCTYPE html>
<!-- Generated by pkgdown: do not edit by hand --><html lang="en">
<head>
<meta http-equiv="Content-Type" content="text/html; charset=UTF-8">
<meta charset="utf-8">
<meta http-equiv="X-UA-Compatible" content="IE=edge">
<meta name="viewport" content="width=device-width, initial-scale=1, shrink-to-fit=no">
<title>fit measures for LMS and QML • modsem</title>
<script src="../deps/jquery-3.6.0/jquery-3.6.0.min.js"></script><meta name="viewport" content="width=device-width, initial-scale=1, shrink-to-fit=no">
<link href="../deps/bootstrap-5.3.1/bootstrap.min.css" rel="stylesheet">
<script src="../deps/bootstrap-5.3.1/bootstrap.bundle.min.js"></script><link href="../deps/font-awesome-6.5.2/css/all.min.css" rel="stylesheet">
<link href="../deps/font-awesome-6.5.2/css/v4-shims.min.css" rel="stylesheet">
<script src="../deps/headroom-0.11.0/headroom.min.js"></script><script src="../deps/headroom-0.11.0/jQuery.headroom.min.js"></script><script src="../deps/bootstrap-toc-1.0.1/bootstrap-toc.min.js"></script><script src="../deps/clipboard.js-2.0.11/clipboard.min.js"></script><script src="../deps/search-1.0.0/autocomplete.jquery.min.js"></script><script src="../deps/search-1.0.0/fuse.min.js"></script><script src="../deps/search-1.0.0/mark.min.js"></script><!-- pkgdown --><script src="../pkgdown.js"></script><meta property="og:title" content="fit measures for LMS and QML">
</head>
<body>
    <a href="#main" class="visually-hidden-focusable">Skip to contents</a>


    <nav class="navbar navbar-expand-lg fixed-top bg-light" data-bs-theme="light" aria-label="Site navigation"><div class="container">

    <a class="navbar-brand me-2" href="../index.html">modsem</a>

    <small class="nav-text text-muted me-auto" data-bs-toggle="tooltip" data-bs-placement="bottom" title="">1.0.9</small>


    <button class="navbar-toggler" type="button" data-bs-toggle="collapse" data-bs-target="#navbar" aria-controls="navbar" aria-expanded="false" aria-label="Toggle navigation">
      <span class="navbar-toggler-icon"></span>
    </button>

    <div id="navbar" class="collapse navbar-collapse ms-3">
      <ul class="navbar-nav me-auto">
<li class="nav-item"><a class="nav-link" href="../articles/modsem.html">Get started</a></li>
<li class="nav-item"><a class="nav-link" href="../reference/index.html">Reference</a></li>
<li class="active nav-item dropdown">
  <button class="nav-link dropdown-toggle" type="button" id="dropdown-articles" data-bs-toggle="dropdown" aria-expanded="false" aria-haspopup="true">Articles</button>
  <ul class="dropdown-menu" aria-labelledby="dropdown-articles">
<li><a class="dropdown-item" href="../articles/customizing.html">customizing interaction terms</a></li>
    <li><a class="dropdown-item" href="../articles/estimation_lms.html">estimation alternatives using the LMS approach</a></li>
    <li><a class="dropdown-item" href="../articles/fit_measures_da.html">fit measures for LMS and QML</a></li>
    <li><a class="dropdown-item" href="../articles/higher_order_interactions.html">higher order interactions</a></li>
    <li><a class="dropdown-item" href="../articles/interaction_two_etas.html">interaction effects between endogenous variables</a></li>
    <li><a class="dropdown-item" href="../articles/lavaan.html">using lavaan functions</a></li>
    <li><a class="dropdown-item" href="../articles/lms_qml.html">LMS and QML approaches</a></li>
    <li><a class="dropdown-item" href="../articles/methods.html">methods</a></li>
    <li><a class="dropdown-item" href="../articles/observed_lms_qml.html">observed variables in the LMS- and QML approach</a></li>
    <li><a class="dropdown-item" href="../articles/plot_interactions.html">plotting interaction effects</a></li>
    <li><a class="dropdown-item" href="../articles/quadratic.html">quadratic effects</a></li>
    <li><a class="dropdown-item" href="../articles/simple_slopes.html">simple slopes analysis</a></li>
  </ul>
</li>
      </ul>
<ul class="navbar-nav">
<li class="nav-item"><form class="form-inline" role="search">
 <input class="form-control" type="search" name="search-input" id="search-input" autocomplete="off" aria-label="Search site" placeholder="Search for" data-search-index="../search.json">
</form></li>
      </ul>
</div>


  </div>
</nav><div class="container template-article">




<div class="row">
  <main id="main" class="col-md-9"><div class="page-header">

      <h1>fit measures for LMS and QML</h1>
            
      

      <div class="d-none name"><code>fit_measures_da.Rmd</code></div>
    </div>

    
    
<div class="sourceCode" id="cb1"><pre class="downlit sourceCode r">
<code class="sourceCode R"><span><span class="kw"><a href="https://rdrr.io/r/base/library.html" class="external-link">library</a></span><span class="op">(</span><span class="va"><a href="https://modsem.org" class="external-link">modsem</a></span><span class="op">)</span></span></code></pre></div>
<div class="section level2">
<h2 id="introduction">Introduction<a class="anchor" aria-label="anchor" href="#introduction"></a>
</h2>
<p>This vignette demonstrates how to evaluate and compare model fit for
latent interaction models estimated via</p>
<ul>
<li>The Latent Moderated Structural Equations (LMS) approach.</li>
<li>The Quasi-Maximum Likelihood (QML) approach.</li>
</ul>
<p>using the <code>modsem</code> package (v≥1.0.8). Because standard
Chi-square statistics are not available under LMS/QML, we assess fit
by:</p>
<ol style="list-style-type: decimal">
<li>Examining fit indices for the baseline (no-interaction) model.</li>
<li>Conducting a likelihood-ratio difference test to compare the
baseline and interaction models (Klein &amp; Moosbrugger, 2000; Klein
&amp; Múthen, 2007).</li>
</ol>
<p>If the baseline model shows acceptable fit and adding the latent
interaction significantly improves fit, the interaction model can also
be deemed well-fitting.</p>
</div>
<div class="section level2">
<h2 id="example">Example<a class="anchor" aria-label="anchor" href="#example"></a>
</h2>
<p>We define a model with three latent variables (<code>X</code>,
<code>Y</code>, <code>Z</code>) and their interaction
(<code>X:Z</code>):</p>
<div class="sourceCode" id="cb2"><pre class="downlit sourceCode r">
<code class="sourceCode R"><span><span class="va">m1</span> <span class="op">&lt;-</span> <span class="st">"</span></span>
<span><span class="st"># Outer (measurement) model</span></span>
<span><span class="st">X =~ x1 + x2 + x3</span></span>
<span><span class="st">Y =~ y1 + y2 + y3</span></span>
<span><span class="st">Z =~ z1 + z2 + z3</span></span>
<span><span class="st"></span></span>
<span><span class="st"># Inner (structural) model</span></span>
<span><span class="st">Y ~ X + Z + X:Z</span></span>
<span><span class="st">"</span></span>
<span></span>
<span><span class="co"># Estimate the full (H1) model via LMS</span></span>
<span><span class="va">est_h1</span> <span class="op">&lt;-</span> <span class="fu"><a href="../reference/modsem.html">modsem</a></span><span class="op">(</span><span class="va">m1</span>, <span class="va">oneInt</span>, method <span class="op">=</span> <span class="st">"lms"</span><span class="op">)</span></span>
<span></span>
<span><span class="co"># Estimate the baseline (H0) model without interaction</span></span>
<span><span class="va">est_h0</span> <span class="op">&lt;-</span> <span class="fu"><a href="../reference/estimate_h0.html">estimate_h0</a></span><span class="op">(</span><span class="va">est_h1</span>, calc.se <span class="op">=</span> <span class="cn">FALSE</span><span class="op">)</span> <span class="co"># std.errors are not needed</span></span></code></pre></div>
</div>
<div class="section level2">
<h2 id="fit-measures-baseline-model">Fit measures baseline model<a class="anchor" aria-label="anchor" href="#fit-measures-baseline-model"></a>
</h2>
<p>To get fit measures for the baseline model you can use the
<code><a href="../reference/fit_modsem_da.html">fit_modsem_da()</a></code> function.</p>
<div class="sourceCode" id="cb3"><pre class="downlit sourceCode r">
<code class="sourceCode R"><span><span class="fu"><a href="../reference/fit_modsem_da.html">fit_modsem_da</a></span><span class="op">(</span><span class="va">est_h0</span><span class="op">)</span></span>
<span><span class="co">#&gt; $sigma.observed</span></span>
<span><span class="co">#&gt;           x1        x2        x3        z1        z2        z3        y1</span></span>
<span><span class="co">#&gt; x1 1.1414140 0.7883687 0.8995307 0.2101059 0.1740044 0.1816761 0.7884435</span></span>
<span><span class="co">#&gt; x2 0.7883687 0.7969205 0.7227575 0.1611022 0.1303270 0.1323003 0.6405208</span></span>
<span><span class="co">#&gt; x3 0.8995307 0.7227575 0.9858399 0.1813015 0.1483665 0.1513961 0.7143555</span></span>
<span><span class="co">#&gt; z1 0.2101059 0.1611022 0.1813015 1.1848928 0.8251779 0.8974163 0.7336206</span></span>
<span><span class="co">#&gt; z2 0.1740044 0.1303270 0.1483665 0.8251779 0.8282354 0.7268682 0.6114440</span></span>
<span><span class="co">#&gt; z3 0.1816761 0.1323003 0.1513961 0.8974163 0.7268682 0.9487013 0.6578085</span></span>
<span><span class="co">#&gt; y1 0.7884435 0.6405208 0.7143555 0.7336206 0.6114440 0.6578085 2.6478088</span></span>
<span><span class="co">#&gt; y2 0.6253530 0.5123430 0.5569065 0.6010575 0.4998194 0.5413313 1.9878980</span></span>
<span><span class="co">#&gt; y3 0.7105927 0.5762476 0.6417552 0.6575885 0.5520473 0.5975011 2.2378289</span></span>
<span><span class="co">#&gt;           y2        y3</span></span>
<span><span class="co">#&gt; x1 0.6253530 0.7105927</span></span>
<span><span class="co">#&gt; x2 0.5123430 0.5762476</span></span>
<span><span class="co">#&gt; x3 0.5569065 0.6417552</span></span>
<span><span class="co">#&gt; z1 0.6010575 0.6575885</span></span>
<span><span class="co">#&gt; z2 0.4998194 0.5520473</span></span>
<span><span class="co">#&gt; z3 0.5413313 0.5975011</span></span>
<span><span class="co">#&gt; y1 1.9878980 2.2378289</span></span>
<span><span class="co">#&gt; y2 1.7403428 1.7841731</span></span>
<span><span class="co">#&gt; y3 1.7841731 2.1756928</span></span>
<span><span class="co">#&gt; </span></span>
<span><span class="co">#&gt; $sigma.expected</span></span>
<span><span class="co">#&gt;           x1        x2        x3        z1        z2        z3        y1</span></span>
<span><span class="co">#&gt; x1 1.1408432 0.7887122 0.8984977 0.2011156 0.1631816 0.1774521 0.7860620</span></span>
<span><span class="co">#&gt; x2 0.7887122 0.7965219 0.7223142 0.1616795 0.1311839 0.1426561 0.6319257</span></span>
<span><span class="co">#&gt; x3 0.8984977 0.7223142 0.9853469 0.1841846 0.1494441 0.1625132 0.7198871</span></span>
<span><span class="co">#&gt; z1 0.2011156 0.1616795 0.1841846 1.1843003 0.8244128 0.8965091 0.7493786</span></span>
<span><span class="co">#&gt; z2 0.1631816 0.1311839 0.1494441 0.8244128 0.8278212 0.7274115 0.6080325</span></span>
<span><span class="co">#&gt; z3 0.1774521 0.1426561 0.1625132 0.8965091 0.7274115 0.9482269 0.6612059</span></span>
<span><span class="co">#&gt; y1 0.7860620 0.6319257 0.7198871 0.7493786 0.6080325 0.6612059 2.6464848</span></span>
<span><span class="co">#&gt; y2 0.6269615 0.5040227 0.5741806 0.5977030 0.4849655 0.5273766 1.9868791</span></span>
<span><span class="co">#&gt; y3 0.7056902 0.5673138 0.6462815 0.6727576 0.5458636 0.5936002 2.2363752</span></span>
<span><span class="co">#&gt;           y2        y3</span></span>
<span><span class="co">#&gt; x1 0.6269615 0.7056902</span></span>
<span><span class="co">#&gt; x2 0.5040227 0.5673138</span></span>
<span><span class="co">#&gt; x3 0.5741806 0.6462815</span></span>
<span><span class="co">#&gt; z1 0.5977030 0.6727576</span></span>
<span><span class="co">#&gt; z2 0.4849655 0.5458636</span></span>
<span><span class="co">#&gt; z3 0.5273766 0.5936002</span></span>
<span><span class="co">#&gt; y1 1.9868791 2.2363752</span></span>
<span><span class="co">#&gt; y2 1.7394726 1.7837286</span></span>
<span><span class="co">#&gt; y3 1.7837286 2.1746048</span></span>
<span><span class="co">#&gt; </span></span>
<span><span class="co">#&gt; $mu.observed</span></span>
<span><span class="co">#&gt;        x1        x2        x3        z1        z2        z3        y1        y2 </span></span>
<span><span class="co">#&gt; 1.0228543 1.2154912 0.9193956 1.0113688 1.2055455 0.9155865 1.1802667 1.3346201 </span></span>
<span><span class="co">#&gt;        y3 </span></span>
<span><span class="co">#&gt; 1.0826391 </span></span>
<span><span class="co">#&gt; </span></span>
<span><span class="co">#&gt; $mu.expected</span></span>
<span><span class="co">#&gt;            1</span></span>
<span><span class="co">#&gt; x1 1.0228543</span></span>
<span><span class="co">#&gt; x2 1.2154912</span></span>
<span><span class="co">#&gt; x3 0.9193956</span></span>
<span><span class="co">#&gt; z1 1.0113688</span></span>
<span><span class="co">#&gt; z2 1.2055455</span></span>
<span><span class="co">#&gt; z3 0.9155865</span></span>
<span><span class="co">#&gt; y1 1.1802667</span></span>
<span><span class="co">#&gt; y2 1.3346201</span></span>
<span><span class="co">#&gt; y3 1.0826391</span></span>
<span><span class="co">#&gt; </span></span>
<span><span class="co">#&gt; $chisq.value</span></span>
<span><span class="co">#&gt; [1] 17.5224</span></span>
<span><span class="co">#&gt; </span></span>
<span><span class="co">#&gt; $chisq.pvalue</span></span>
<span><span class="co">#&gt; [1] 0.8255439</span></span>
<span><span class="co">#&gt; </span></span>
<span><span class="co">#&gt; $chisq.df</span></span>
<span><span class="co">#&gt; [1] 24</span></span>
<span><span class="co">#&gt; </span></span>
<span><span class="co">#&gt; $AIC</span></span>
<span><span class="co">#&gt; [1] 35723.75</span></span>
<span><span class="co">#&gt; </span></span>
<span><span class="co">#&gt; $AICc</span></span>
<span><span class="co">#&gt; [1] 35724.69</span></span>
<span><span class="co">#&gt; </span></span>
<span><span class="co">#&gt; $BIC</span></span>
<span><span class="co">#&gt; [1] 35891.78</span></span>
<span><span class="co">#&gt; </span></span>
<span><span class="co">#&gt; $aBIC</span></span>
<span><span class="co">#&gt; [1] 35796.47</span></span>
<span><span class="co">#&gt; </span></span>
<span><span class="co">#&gt; $RMSEA</span></span>
<span><span class="co">#&gt; [1] 0</span></span>
<span><span class="co">#&gt; </span></span>
<span><span class="co">#&gt; $RMSEA.lower</span></span>
<span><span class="co">#&gt; [1] 0</span></span>
<span><span class="co">#&gt; </span></span>
<span><span class="co">#&gt; $RMSEA.upper</span></span>
<span><span class="co">#&gt; [1] 0.01122746</span></span>
<span><span class="co">#&gt; </span></span>
<span><span class="co">#&gt; $RMSEA.ci.level</span></span>
<span><span class="co">#&gt; [1] 0.9</span></span>
<span><span class="co">#&gt; </span></span>
<span><span class="co">#&gt; $RMSEA.pvalue</span></span>
<span><span class="co">#&gt; [1] 1</span></span>
<span><span class="co">#&gt; </span></span>
<span><span class="co">#&gt; $RMSEA.close.h0</span></span>
<span><span class="co">#&gt; [1] 0.05</span></span></code></pre></div>
<p>It can also be used to get fit measures for the full model, but
should be pared with <code>chisq = FALSE</code> to avoid the Chi-square
test. If it is set to <code>TRUE</code> it will calculate the Chi-square
test while ignoring the interaction terms in the model.</p>
<div class="sourceCode" id="cb4"><pre class="downlit sourceCode r">
<code class="sourceCode R"><span><span class="fu"><a href="../reference/fit_modsem_da.html">fit_modsem_da</a></span><span class="op">(</span><span class="va">est_h1</span>, chisq <span class="op">=</span> <span class="cn">FALSE</span><span class="op">)</span></span>
<span><span class="co">#&gt; $sigma.observed</span></span>
<span><span class="co">#&gt;           x1        x2        x3        z1        z2        z3        y1</span></span>
<span><span class="co">#&gt; x1 1.1414140 0.7883687 0.8995307 0.2101059 0.1740044 0.1816761 0.7884435</span></span>
<span><span class="co">#&gt; x2 0.7883687 0.7969205 0.7227575 0.1611022 0.1303270 0.1323003 0.6405208</span></span>
<span><span class="co">#&gt; x3 0.8995307 0.7227575 0.9858399 0.1813015 0.1483665 0.1513961 0.7143555</span></span>
<span><span class="co">#&gt; z1 0.2101059 0.1611022 0.1813015 1.1848928 0.8251779 0.8974163 0.7336206</span></span>
<span><span class="co">#&gt; z2 0.1740044 0.1303270 0.1483665 0.8251779 0.8282354 0.7268682 0.6114440</span></span>
<span><span class="co">#&gt; z3 0.1816761 0.1323003 0.1513961 0.8974163 0.7268682 0.9487013 0.6578085</span></span>
<span><span class="co">#&gt; y1 0.7884435 0.6405208 0.7143555 0.7336206 0.6114440 0.6578085 2.6478088</span></span>
<span><span class="co">#&gt; y2 0.6253530 0.5123430 0.5569065 0.6010575 0.4998194 0.5413313 1.9878980</span></span>
<span><span class="co">#&gt; y3 0.7105927 0.5762476 0.6417552 0.6575885 0.5520473 0.5975011 2.2378289</span></span>
<span><span class="co">#&gt;           y2        y3</span></span>
<span><span class="co">#&gt; x1 0.6253530 0.7105927</span></span>
<span><span class="co">#&gt; x2 0.5123430 0.5762476</span></span>
<span><span class="co">#&gt; x3 0.5569065 0.6417552</span></span>
<span><span class="co">#&gt; z1 0.6010575 0.6575885</span></span>
<span><span class="co">#&gt; z2 0.4998194 0.5520473</span></span>
<span><span class="co">#&gt; z3 0.5413313 0.5975011</span></span>
<span><span class="co">#&gt; y1 1.9878980 2.2378289</span></span>
<span><span class="co">#&gt; y2 1.7403428 1.7841731</span></span>
<span><span class="co">#&gt; y3 1.7841731 2.1756928</span></span>
<span><span class="co">#&gt; </span></span>
<span><span class="co">#&gt; $sigma.expected</span></span>
<span><span class="co">#&gt; NULL</span></span>
<span><span class="co">#&gt; </span></span>
<span><span class="co">#&gt; $mu.observed</span></span>
<span><span class="co">#&gt;        x1        x2        x3        z1        z2        z3        y1        y2 </span></span>
<span><span class="co">#&gt; 1.0228543 1.2154912 0.9193956 1.0113688 1.2055455 0.9155865 1.1802667 1.3346201 </span></span>
<span><span class="co">#&gt;        y3 </span></span>
<span><span class="co">#&gt; 1.0826391 </span></span>
<span><span class="co">#&gt; </span></span>
<span><span class="co">#&gt; $mu.expected</span></span>
<span><span class="co">#&gt; NULL</span></span>
<span><span class="co">#&gt; </span></span>
<span><span class="co">#&gt; $chisq.value</span></span>
<span><span class="co">#&gt; NULL</span></span>
<span><span class="co">#&gt; </span></span>
<span><span class="co">#&gt; $chisq.pvalue</span></span>
<span><span class="co">#&gt; NULL</span></span>
<span><span class="co">#&gt; </span></span>
<span><span class="co">#&gt; $chisq.df</span></span>
<span><span class="co">#&gt; NULL</span></span>
<span><span class="co">#&gt; </span></span>
<span><span class="co">#&gt; $AIC</span></span>
<span><span class="co">#&gt; [1] 29437.36</span></span>
<span><span class="co">#&gt; </span></span>
<span><span class="co">#&gt; $AICc</span></span>
<span><span class="co">#&gt; [1] 29438.36</span></span>
<span><span class="co">#&gt; </span></span>
<span><span class="co">#&gt; $BIC</span></span>
<span><span class="co">#&gt; [1] 29610.98</span></span>
<span><span class="co">#&gt; </span></span>
<span><span class="co">#&gt; $aBIC</span></span>
<span><span class="co">#&gt; [1] 29512.49</span></span>
<span><span class="co">#&gt; </span></span>
<span><span class="co">#&gt; $RMSEA</span></span>
<span><span class="co">#&gt; NULL</span></span>
<span><span class="co">#&gt; </span></span>
<span><span class="co">#&gt; $RMSEA.lower</span></span>
<span><span class="co">#&gt; NULL</span></span>
<span><span class="co">#&gt; </span></span>
<span><span class="co">#&gt; $RMSEA.upper</span></span>
<span><span class="co">#&gt; NULL</span></span>
<span><span class="co">#&gt; </span></span>
<span><span class="co">#&gt; $RMSEA.ci.level</span></span>
<span><span class="co">#&gt; NULL</span></span>
<span><span class="co">#&gt; </span></span>
<span><span class="co">#&gt; $RMSEA.pvalue</span></span>
<span><span class="co">#&gt; NULL</span></span>
<span><span class="co">#&gt; </span></span>
<span><span class="co">#&gt; $RMSEA.close.h0</span></span>
<span><span class="co">#&gt; NULL</span></span></code></pre></div>
</div>
<div class="section level2">
<h2 id="difference-test-of-fit">Difference Test of Fit<a class="anchor" aria-label="anchor" href="#difference-test-of-fit"></a>
</h2>
<p>Compare H0 vs. H1 using a log-likelihood ratio test:</p>
<div class="sourceCode" id="cb5"><pre class="downlit sourceCode r">
<code class="sourceCode R"><span><span class="fu"><a href="../reference/compare_fit.html">compare_fit</a></span><span class="op">(</span>est_h1 <span class="op">=</span> <span class="va">est_h1</span>, est_h0 <span class="op">=</span> <span class="va">est_h0</span><span class="op">)</span></span>
<span><span class="co">#&gt; $D</span></span>
<span><span class="co">#&gt; [1] 6288.394</span></span>
<span><span class="co">#&gt; </span></span>
<span><span class="co">#&gt; $df</span></span>
<span><span class="co">#&gt; [1] 1</span></span>
<span><span class="co">#&gt; </span></span>
<span><span class="co">#&gt; $p</span></span>
<span><span class="co">#&gt; [1] 0</span></span>
<span><span class="co">#&gt; </span></span>
<span><span class="co">#&gt; $llChange</span></span>
<span><span class="co">#&gt; [1] 3144.197</span></span></code></pre></div>
<p>A <strong>significant</strong> p-value indicates the latent
interaction term significantly improves model fit.</p>
</div>
<div class="section level2">
<h2 id="inspecting-fit-indices">Inspecting Fit Indices<a class="anchor" aria-label="anchor" href="#inspecting-fit-indices"></a>
</h2>
<p>For convenience, you can also use the <code><a href="../reference/modsem_inspect.html">modsem_inspect()</a></code>
function with <code>what = "fit"</code> to get fit indices for both
models, and comparative fit in one go.</p>
<div class="sourceCode" id="cb6"><pre class="downlit sourceCode r">
<code class="sourceCode R"><span><span class="fu"><a href="../reference/modsem_inspect.html">modsem_inspect</a></span><span class="op">(</span><span class="va">est_h1</span>, what <span class="op">=</span> <span class="st">"fit"</span><span class="op">)</span></span>
<span><span class="co">#&gt; $fit.h0</span></span>
<span><span class="co">#&gt; $fit.h0$sigma.observed</span></span>
<span><span class="co">#&gt;           x1        x2        x3        z1        z2        z3        y1</span></span>
<span><span class="co">#&gt; x1 1.1414140 0.7883687 0.8995307 0.2101059 0.1740044 0.1816761 0.7884435</span></span>
<span><span class="co">#&gt; x2 0.7883687 0.7969205 0.7227575 0.1611022 0.1303270 0.1323003 0.6405208</span></span>
<span><span class="co">#&gt; x3 0.8995307 0.7227575 0.9858399 0.1813015 0.1483665 0.1513961 0.7143555</span></span>
<span><span class="co">#&gt; z1 0.2101059 0.1611022 0.1813015 1.1848928 0.8251779 0.8974163 0.7336206</span></span>
<span><span class="co">#&gt; z2 0.1740044 0.1303270 0.1483665 0.8251779 0.8282354 0.7268682 0.6114440</span></span>
<span><span class="co">#&gt; z3 0.1816761 0.1323003 0.1513961 0.8974163 0.7268682 0.9487013 0.6578085</span></span>
<span><span class="co">#&gt; y1 0.7884435 0.6405208 0.7143555 0.7336206 0.6114440 0.6578085 2.6478088</span></span>
<span><span class="co">#&gt; y2 0.6253530 0.5123430 0.5569065 0.6010575 0.4998194 0.5413313 1.9878980</span></span>
<span><span class="co">#&gt; y3 0.7105927 0.5762476 0.6417552 0.6575885 0.5520473 0.5975011 2.2378289</span></span>
<span><span class="co">#&gt;           y2        y3</span></span>
<span><span class="co">#&gt; x1 0.6253530 0.7105927</span></span>
<span><span class="co">#&gt; x2 0.5123430 0.5762476</span></span>
<span><span class="co">#&gt; x3 0.5569065 0.6417552</span></span>
<span><span class="co">#&gt; z1 0.6010575 0.6575885</span></span>
<span><span class="co">#&gt; z2 0.4998194 0.5520473</span></span>
<span><span class="co">#&gt; z3 0.5413313 0.5975011</span></span>
<span><span class="co">#&gt; y1 1.9878980 2.2378289</span></span>
<span><span class="co">#&gt; y2 1.7403428 1.7841731</span></span>
<span><span class="co">#&gt; y3 1.7841731 2.1756928</span></span>
<span><span class="co">#&gt; </span></span>
<span><span class="co">#&gt; $fit.h0$sigma.expected</span></span>
<span><span class="co">#&gt;           x1        x2        x3        z1        z2        z3        y1</span></span>
<span><span class="co">#&gt; x1 1.1408432 0.7887122 0.8984977 0.2011156 0.1631816 0.1774521 0.7860620</span></span>
<span><span class="co">#&gt; x2 0.7887122 0.7965219 0.7223142 0.1616795 0.1311839 0.1426561 0.6319257</span></span>
<span><span class="co">#&gt; x3 0.8984977 0.7223142 0.9853469 0.1841846 0.1494441 0.1625132 0.7198871</span></span>
<span><span class="co">#&gt; z1 0.2011156 0.1616795 0.1841846 1.1843003 0.8244128 0.8965091 0.7493786</span></span>
<span><span class="co">#&gt; z2 0.1631816 0.1311839 0.1494441 0.8244128 0.8278212 0.7274115 0.6080325</span></span>
<span><span class="co">#&gt; z3 0.1774521 0.1426561 0.1625132 0.8965091 0.7274115 0.9482269 0.6612059</span></span>
<span><span class="co">#&gt; y1 0.7860620 0.6319257 0.7198871 0.7493786 0.6080325 0.6612059 2.6464848</span></span>
<span><span class="co">#&gt; y2 0.6269615 0.5040227 0.5741806 0.5977030 0.4849655 0.5273766 1.9868791</span></span>
<span><span class="co">#&gt; y3 0.7056902 0.5673138 0.6462815 0.6727576 0.5458636 0.5936002 2.2363752</span></span>
<span><span class="co">#&gt;           y2        y3</span></span>
<span><span class="co">#&gt; x1 0.6269615 0.7056902</span></span>
<span><span class="co">#&gt; x2 0.5040227 0.5673138</span></span>
<span><span class="co">#&gt; x3 0.5741806 0.6462815</span></span>
<span><span class="co">#&gt; z1 0.5977030 0.6727576</span></span>
<span><span class="co">#&gt; z2 0.4849655 0.5458636</span></span>
<span><span class="co">#&gt; z3 0.5273766 0.5936002</span></span>
<span><span class="co">#&gt; y1 1.9868791 2.2363752</span></span>
<span><span class="co">#&gt; y2 1.7394726 1.7837286</span></span>
<span><span class="co">#&gt; y3 1.7837286 2.1746048</span></span>
<span><span class="co">#&gt; </span></span>
<span><span class="co">#&gt; $fit.h0$mu.observed</span></span>
<span><span class="co">#&gt;        x1        x2        x3        z1        z2        z3        y1        y2 </span></span>
<span><span class="co">#&gt; 1.0228543 1.2154912 0.9193956 1.0113688 1.2055455 0.9155865 1.1802667 1.3346201 </span></span>
<span><span class="co">#&gt;        y3 </span></span>
<span><span class="co">#&gt; 1.0826391 </span></span>
<span><span class="co">#&gt; </span></span>
<span><span class="co">#&gt; $fit.h0$mu.expected</span></span>
<span><span class="co">#&gt;            1</span></span>
<span><span class="co">#&gt; x1 1.0228543</span></span>
<span><span class="co">#&gt; x2 1.2154912</span></span>
<span><span class="co">#&gt; x3 0.9193956</span></span>
<span><span class="co">#&gt; z1 1.0113688</span></span>
<span><span class="co">#&gt; z2 1.2055455</span></span>
<span><span class="co">#&gt; z3 0.9155865</span></span>
<span><span class="co">#&gt; y1 1.1802667</span></span>
<span><span class="co">#&gt; y2 1.3346201</span></span>
<span><span class="co">#&gt; y3 1.0826391</span></span>
<span><span class="co">#&gt; </span></span>
<span><span class="co">#&gt; $fit.h0$chisq.value</span></span>
<span><span class="co">#&gt; [1] 17.5224</span></span>
<span><span class="co">#&gt; </span></span>
<span><span class="co">#&gt; $fit.h0$chisq.pvalue</span></span>
<span><span class="co">#&gt; [1] 0.8255439</span></span>
<span><span class="co">#&gt; </span></span>
<span><span class="co">#&gt; $fit.h0$chisq.df</span></span>
<span><span class="co">#&gt; [1] 24</span></span>
<span><span class="co">#&gt; </span></span>
<span><span class="co">#&gt; $fit.h0$AIC</span></span>
<span><span class="co">#&gt; [1] 35723.75</span></span>
<span><span class="co">#&gt; </span></span>
<span><span class="co">#&gt; $fit.h0$AICc</span></span>
<span><span class="co">#&gt; [1] 35724.69</span></span>
<span><span class="co">#&gt; </span></span>
<span><span class="co">#&gt; $fit.h0$BIC</span></span>
<span><span class="co">#&gt; [1] 35891.78</span></span>
<span><span class="co">#&gt; </span></span>
<span><span class="co">#&gt; $fit.h0$aBIC</span></span>
<span><span class="co">#&gt; [1] 35796.47</span></span>
<span><span class="co">#&gt; </span></span>
<span><span class="co">#&gt; $fit.h0$RMSEA</span></span>
<span><span class="co">#&gt; [1] 0</span></span>
<span><span class="co">#&gt; </span></span>
<span><span class="co">#&gt; $fit.h0$RMSEA.lower</span></span>
<span><span class="co">#&gt; [1] 0</span></span>
<span><span class="co">#&gt; </span></span>
<span><span class="co">#&gt; $fit.h0$RMSEA.upper</span></span>
<span><span class="co">#&gt; [1] 0.01122746</span></span>
<span><span class="co">#&gt; </span></span>
<span><span class="co">#&gt; $fit.h0$RMSEA.ci.level</span></span>
<span><span class="co">#&gt; [1] 0.9</span></span>
<span><span class="co">#&gt; </span></span>
<span><span class="co">#&gt; $fit.h0$RMSEA.pvalue</span></span>
<span><span class="co">#&gt; [1] 1</span></span>
<span><span class="co">#&gt; </span></span>
<span><span class="co">#&gt; $fit.h0$RMSEA.close.h0</span></span>
<span><span class="co">#&gt; [1] 0.05</span></span>
<span><span class="co">#&gt; </span></span>
<span><span class="co">#&gt; </span></span>
<span><span class="co">#&gt; $fit.h1</span></span>
<span><span class="co">#&gt; $fit.h1$sigma.observed</span></span>
<span><span class="co">#&gt;           x1        x2        x3        z1        z2        z3        y1</span></span>
<span><span class="co">#&gt; x1 1.1414140 0.7883687 0.8995307 0.2101059 0.1740044 0.1816761 0.7884435</span></span>
<span><span class="co">#&gt; x2 0.7883687 0.7969205 0.7227575 0.1611022 0.1303270 0.1323003 0.6405208</span></span>
<span><span class="co">#&gt; x3 0.8995307 0.7227575 0.9858399 0.1813015 0.1483665 0.1513961 0.7143555</span></span>
<span><span class="co">#&gt; z1 0.2101059 0.1611022 0.1813015 1.1848928 0.8251779 0.8974163 0.7336206</span></span>
<span><span class="co">#&gt; z2 0.1740044 0.1303270 0.1483665 0.8251779 0.8282354 0.7268682 0.6114440</span></span>
<span><span class="co">#&gt; z3 0.1816761 0.1323003 0.1513961 0.8974163 0.7268682 0.9487013 0.6578085</span></span>
<span><span class="co">#&gt; y1 0.7884435 0.6405208 0.7143555 0.7336206 0.6114440 0.6578085 2.6478088</span></span>
<span><span class="co">#&gt; y2 0.6253530 0.5123430 0.5569065 0.6010575 0.4998194 0.5413313 1.9878980</span></span>
<span><span class="co">#&gt; y3 0.7105927 0.5762476 0.6417552 0.6575885 0.5520473 0.5975011 2.2378289</span></span>
<span><span class="co">#&gt;           y2        y3</span></span>
<span><span class="co">#&gt; x1 0.6253530 0.7105927</span></span>
<span><span class="co">#&gt; x2 0.5123430 0.5762476</span></span>
<span><span class="co">#&gt; x3 0.5569065 0.6417552</span></span>
<span><span class="co">#&gt; z1 0.6010575 0.6575885</span></span>
<span><span class="co">#&gt; z2 0.4998194 0.5520473</span></span>
<span><span class="co">#&gt; z3 0.5413313 0.5975011</span></span>
<span><span class="co">#&gt; y1 1.9878980 2.2378289</span></span>
<span><span class="co">#&gt; y2 1.7403428 1.7841731</span></span>
<span><span class="co">#&gt; y3 1.7841731 2.1756928</span></span>
<span><span class="co">#&gt; </span></span>
<span><span class="co">#&gt; $fit.h1$sigma.expected</span></span>
<span><span class="co">#&gt; NULL</span></span>
<span><span class="co">#&gt; </span></span>
<span><span class="co">#&gt; $fit.h1$mu.observed</span></span>
<span><span class="co">#&gt;        x1        x2        x3        z1        z2        z3        y1        y2 </span></span>
<span><span class="co">#&gt; 1.0228543 1.2154912 0.9193956 1.0113688 1.2055455 0.9155865 1.1802667 1.3346201 </span></span>
<span><span class="co">#&gt;        y3 </span></span>
<span><span class="co">#&gt; 1.0826391 </span></span>
<span><span class="co">#&gt; </span></span>
<span><span class="co">#&gt; $fit.h1$mu.expected</span></span>
<span><span class="co">#&gt; NULL</span></span>
<span><span class="co">#&gt; </span></span>
<span><span class="co">#&gt; $fit.h1$chisq.value</span></span>
<span><span class="co">#&gt; NULL</span></span>
<span><span class="co">#&gt; </span></span>
<span><span class="co">#&gt; $fit.h1$chisq.pvalue</span></span>
<span><span class="co">#&gt; NULL</span></span>
<span><span class="co">#&gt; </span></span>
<span><span class="co">#&gt; $fit.h1$chisq.df</span></span>
<span><span class="co">#&gt; NULL</span></span>
<span><span class="co">#&gt; </span></span>
<span><span class="co">#&gt; $fit.h1$AIC</span></span>
<span><span class="co">#&gt; [1] 29437.36</span></span>
<span><span class="co">#&gt; </span></span>
<span><span class="co">#&gt; $fit.h1$AICc</span></span>
<span><span class="co">#&gt; [1] 29438.36</span></span>
<span><span class="co">#&gt; </span></span>
<span><span class="co">#&gt; $fit.h1$BIC</span></span>
<span><span class="co">#&gt; [1] 29610.98</span></span>
<span><span class="co">#&gt; </span></span>
<span><span class="co">#&gt; $fit.h1$aBIC</span></span>
<span><span class="co">#&gt; [1] 29512.49</span></span>
<span><span class="co">#&gt; </span></span>
<span><span class="co">#&gt; $fit.h1$RMSEA</span></span>
<span><span class="co">#&gt; NULL</span></span>
<span><span class="co">#&gt; </span></span>
<span><span class="co">#&gt; $fit.h1$RMSEA.lower</span></span>
<span><span class="co">#&gt; NULL</span></span>
<span><span class="co">#&gt; </span></span>
<span><span class="co">#&gt; $fit.h1$RMSEA.upper</span></span>
<span><span class="co">#&gt; NULL</span></span>
<span><span class="co">#&gt; </span></span>
<span><span class="co">#&gt; $fit.h1$RMSEA.ci.level</span></span>
<span><span class="co">#&gt; NULL</span></span>
<span><span class="co">#&gt; </span></span>
<span><span class="co">#&gt; $fit.h1$RMSEA.pvalue</span></span>
<span><span class="co">#&gt; NULL</span></span>
<span><span class="co">#&gt; </span></span>
<span><span class="co">#&gt; $fit.h1$RMSEA.close.h0</span></span>
<span><span class="co">#&gt; NULL</span></span>
<span><span class="co">#&gt; </span></span>
<span><span class="co">#&gt; </span></span>
<span><span class="co">#&gt; $comparative.fit</span></span>
<span><span class="co">#&gt; $comparative.fit$D</span></span>
<span><span class="co">#&gt; [1] 6288.394</span></span>
<span><span class="co">#&gt; </span></span>
<span><span class="co">#&gt; $comparative.fit$df</span></span>
<span><span class="co">#&gt; [1] 1</span></span>
<span><span class="co">#&gt; </span></span>
<span><span class="co">#&gt; $comparative.fit$p</span></span>
<span><span class="co">#&gt; [1] 0</span></span>
<span><span class="co">#&gt; </span></span>
<span><span class="co">#&gt; $comparative.fit$llChange</span></span>
<span><span class="co">#&gt; [1] 3144.197</span></span></code></pre></div>
</div>
<div class="section level2">
<h2 id="references">References<a class="anchor" aria-label="anchor" href="#references"></a>
</h2>
<pre><code>Klein, A., &amp; Moosbrugger, H. (2000). 
  &lt;doi:10.1007/BF02296338&gt;.
  "Maximum likelihood estimation of latent interaction effects with the LMS method."
Klein, A. G., &amp; Muthén, B. O. (2007). 
  &lt;doi:10.1080/00273170701710205&gt;.
  "Quasi-maximum likelihood estimation of structural equation models with multiple interaction and quadratic effects."</code></pre>
</div>
  </main><aside class="col-md-3"><nav id="toc" aria-label="Table of contents"><h2>On this page</h2>
    </nav></aside>
</div>



    <footer><div class="pkgdown-footer-left">
  <p>Developed by Kjell Solem Slupphaug.</p>
</div>

<div class="pkgdown-footer-right">
  <p>Site built with <a href="https://pkgdown.r-lib.org/" class="external-link">pkgdown</a> 2.1.1.</p>
</div>

    </footer>
</div>





  </body>
</html>
